TCO
48
2.41421 1.00000 3.82843
1.00000 2.41421 3.82843
-1.00000 2.41421 3.82843
-2.41421 1.00000 3.82843
-2.41421 -1.00000 3.82843
-1.00000 -2.41421 3.82843
1.00000 -2.41421 3.82843
2.41421 -1.00000 3.82843

3.82843 -2.41421 1.00000  
3.82843 -1.00000 2.41421  
3.82843 1.00000 2.41421  
3.82843 2.41421 1.00000  

2.41421 3.82843 1.00000  
1.00000 3.82843 2.41421 
-1.00000 3.82843 2.41421 
-2.41421 3.82843 1.00000  

-3.82843 2.41421 1.00000  
-3.82843 1.00000 2.41421 
-3.82843 -1.00000 2.41421  
-3.82843 -2.41421 1.00000   

-2.41421 -3.82843 1.00000  
-1.00000 -3.82843 2.41421 
1.00000 -3.82843 2.41421 
2.41421 -3.82843 1.00000  

2.41421 1.00000 -3.82843
1.00000 2.41421 -3.82843
-1.00000 2.41421 -3.82843
-2.41421 1.00000 -3.82843
-2.41421 -1.00000 -3.82843
-1.00000 -2.41421 -3.82843
1.00000 -2.41421 -3.82843
2.41421 -1.00000 -3.82843

3.82843 -2.41421 -1.00000  
3.82843 -1.00000 -2.41421  
3.82843 1.00000 -2.41421  
3.82843 2.41421 -1.00000  

2.41421 3.82843 -1.00000  
1.00000 3.82843 -2.41421 
-1.00000 3.82843 -2.41421 
-2.41421 3.82843 -1.00000  

-3.82843 2.41421 -1.00000  
-3.82843 1.00000 -2.41421 
-3.82843 -1.00000 -2.41421  
-3.82843 -2.41421 -1.00000   

-2.41421 -3.82843 -1.00000  
-1.00000 -3.82843 -2.41421 
1.00000 -3.82843 -2.41421 
2.41421 -3.82843 -1.00000  
