TCO
48
72
26
3
8

12
8
6

4
6
8

0 1
1 2
2 3
3 4
4 5
5 6
6 7

8 9
9 10
10 11
11 35
35 34
34 33 
33 32
32 8

12 13
13 14
14 15
15 39
39 38
38 37
37 36
36 12

16 17
17 18
18 19
19 43
43 42
42 41
41 40
40 16

20 21
21 22
22 23
23 47
47 46
46 45
45 44
44 20

24 25
25 26
26 27
27 28
28 29
29 30 
30 31
31 24

0 1
1 13
13 12
12 11
11 10
10 0

2 3
3 17
17 16
16 15
15 14 
14 2

4 5
5 21
21 20
20 19
19 18
18 4

6 7
7 9
9 8 
8 23
23 22
22 6

34 35
35 36
36 37
37 25
25 24
24 34

38 39
39 40
40 41
41 27
27 26
26 38

42 43
43 44
44 45
45 29
29 28
28 42

46 47
47 32
32 33
33 31
31 30
30 46

7 0
0 10
10 9
9 7

1 2
2 14
14 13
13 1

3 4
4 18
18 17
17 3

5 6
6 22
22 21
21 5

23 8
8 32
32 47
47 23

11 12
12 36
36 35
35 11

15 16
16 40
40 39
39 15

19 20
20 44
44 43
43 19

37 38 
38 26
26 25
25 37

41 42
42 28
28 27
27 41

45 46
46 30
30 29
29 45

33 34
34 24
24 31 
31 33


0  0 10 9 7
0  1 2 14 13
0  3 4 18 17
0  5 6 22 21
0  11 12 36 35
0  15 16 40 39
0  19 20 44 43
0  23 8 32 47
0  37 38 26 25
0  41 42 28 27
0  45 46 30 29
0  33 34 24 31

1  0 1 13 12 11 10 
1  2 3 17 16 15 14
1  4 5 21 20 19 18
1  6 7 9 8 23 22
1  34 35 36 37 25 24
1  38 39 40 41 27 26
1  42 43 44 45 29 28
1  46 47 32 33 31 30

2  0 1 2 3 4 5 6 7
2  8 9 10 11 35 34 33 32
2  12 13 14 15 39 38 37 36
2  16 17 18 19 43 42 41 40
2  20 21 22 23 47 46 45 44
2  24 25 26 27 28 29 30 31
